fb1_01.jpg 106 207 348 427
fb1_02.jpg 92 61 571 510
fb1_03.jpg 52 151 410 498
fb1_04.jpg 1 30 660 587
fb1_05.jpg 88 160 404 525
fb1_06.jpg 1 6 550 571
fb1_07.jpg 155 225 425 456
fb1_08.jpg 37 63 570 522
fb1_09.jpg 62 85 479 409
fb1_10.jpg 6 7 567 577
fb1_11.jpg 121 100 441 503
fb1_12.jpg 1 1 570 587
fb2_01.jpg 162 56 922 620
fb2_02.jpg 70 52 617 474
fb2_03.jpg 38 24 576 406
fb2_04.jpg 195 84 712 514
fb2_05.jpg 19 7 562 548
fb2_06.jpg 85 51 502 536
fb2_07.jpg 22 3 584 523
fb2_08.jpg 23 15 690 520
fb3_02.jpg 132 1 712 587
fb3_03.jpg 67 33 718 543
fb3_04.jpg 166 40 461 380
fb3_07.jpg 9 18 642 302
fb3_09.jpg 202 240 486 340
fb3_10.jpg 242 367 514 560
fb3_11.jpg 461 119 783 333
fb3_12.jpg 132 54 684 564
fb3_13.jpg 86 52 757 433
fb3_14.jpg 132 91 605 421
fb3_16.jpg 281 101 593 482
fb3_17.jpg 282 74 591 475
fb3_18.jpg 43 33 778 493
fb3_19.jpg 44 49 778 493
fb3_20.jpg 132 6 779 567
fb3_21.jpg 253 97 578 435
fb3_22.jpg 72 106 767 560
fb3_23.jpg 28 5 737 577
fb3_24.jpg 70 102 579 565
fb3_25.jpg 250 82 726 565
fb3_26.jpg 111 46 633 566
fb3_27.jpg 74 78 596 508
fb4_01.jpg 234 26 542 448
fb4_02.jpg 262 120 565 425
fb4_03.jpg 224 71 477 328
fb4_05.jpg 151 5 587 436
fb4_06.jpg 374 130 563 393
fb4_07.jpg 22 14 478 543
fb4_08.jpg 130 17 682 515
fb4_09.jpg 419 373 668 533
fb4_10.jpg 273 109 646 286
fb4_11.jpg 4 20 647 537
fb4_12.jpg 55 25 689 451
fb4_13.jpg 123 138 563 501
fb4_14.jpg 37 9 735 532
fb4_15.jpg 52 188 563 540
fb4_16.jpg 222 193 392 368
fb4_17.jpg 255 12 575 380
fb4_18.jpg 10 9 735 536
fb4_19.jpg 1 94 736 518
fb4_20.jpg 23 12 553 554
fb4_21.jpg 14 12 718 532
fb4_22.jpg 25 13 622 551
fb4_23.jpg 248 18 646 513
fb4_24.jpg 1 2 735 540
fb4_25.jpg 5 3 736 553
fb4_26.jpg 22 10 677 532
fb4_27.jpg 43 101 670 516
fb4_28.jpg 155 17 735 529
fb4_29.jpg 171 20 537 535
fb4_30.jpg 267 188 736 519
fb4_31.jpg 331 33 735 527
fb4_32.jpg 11 4 736 528
fb4_33.jpg 196 21 664 526
fb4_34.jpg 119 13 690 536
fb5_01.jpg 191 46 534 579
fb5_02.jpg 107 19 695 558
fb5_03.jpg 128 7 543 307
fb5_04.jpg 45 11 585 556
fb5_05.jpg 11 254 240 517
fb5_06.jpg 71 77 309 583
fb5_08.jpg 163 15 641 561
fb5_09.jpg 128 4 549 586
fb5_10.jpg 83 4 711 567
fb5_11.jpg 298 164 549 428
fb5_12.jpg 73 216 495 553
fb5_13.jpg 154 11 677 546
fb5_14.jpg 138 8 632 568
fb5_15.jpg 143 5 656 566
fb5_16.jpg 2 4 775 561
fb5_17.jpg 8 6 777 587
fb5_18.jpg 7 5 780 492
fb5_19.jpg 7 3 771 555
fb5_20.jpg 6 4 781 579
